{
 "cells": [
  {
   "cell_type": "code",
   "execution_count": 1,
   "id": "e3015b4e",
   "metadata": {},
   "outputs": [],
   "source": [
    "import torch\n",
    "import Trainer\n",
    "from network import NFM\n",
    "import torch.utils.data as Data\n",
    "from Utils.criteo_loader import getTestData, getTrainData\n",
    "\n",
    "nfm_config = \\\n",
    "{\n",
    "    'n_class':11,\n",
    "    'linear_hidden':100,#线性模型输出层（隐层个数）\n",
    "    'embed_input_dim':1001,#embed输入维度\n",
    "    'embed_dim': 100, # 用于控制稀疏特征经过Embedding层后的稠密特征大小，embed输出维度\n",
    "    'dnn_hidden_units': [100,11],#MLP隐层和输出层\n",
    "    'num_sparse_features_cols':4077,#the number of the gene columns\n",
    "    'num_dense_features': 0,#dense features number\n",
    "    'bi_dropout': 0.3,#Bi-Interaction 的dropout\n",
    "    'num_epoch': 500,#训练epoch次数\n",
    "    'batch_size': 100,#batch_size\n",
    "    'lr': 1e-3,\n",
    "    'l2_regularization': 1e-4,\n",
    "    'device_id': 0,\n",
    "    'use_cuda': False,\n",
    "    'dnn_drop':0.5,\n",
    "    #'train_file': '../Data/criteo/processed_data/train_set.csv',\n",
    "    #'fea_file': '../Data/criteo/processed_data/fea_col.npy',\n",
    "    #'validate_file': '../Data/criteo/processed_data/val_set.csv',\n",
    "    #'test_file': '../Data/criteo/processed_data/test_set.csv',\n",
    "    #'model_name': '../TrainedModels/NFM.model'\n",
    "    'train_data':'data/frappe/gene_4000/gene_4000_encode.csv',\n",
    "    'train_label':'data/frappe/gene_4000/label.csv',\n",
    "    'test_data':'data/frappe/gene_4000/test_data_encode.csv',\n",
    "    'test_label':'data/frappe/gene_4000/test_label_encode.csv'\n",
    "}"
   ]
  },
  {
   "cell_type": "code",
   "execution_count": 3,
   "id": "b67eaddc",
   "metadata": {},
   "outputs": [],
   "source": [
    "import os\n",
    "import time\n",
    "import argparse\n",
    "import numpy as np\n",
    "import pandas as pd \n",
    "\n",
    "import torch\n",
    "import torch.nn as nn\n",
    "import torch.optim as optim\n",
    "import torch.utils.data as data\n",
    "import torch.backends.cudnn as cudnn\n",
    "#3from tensorboardX import SummaryWriter\n",
    "\n",
    "#import network\n",
    "import config\n",
    "import evaluate\n",
    "import data_utils\n",
    "import Trainer\n",
    "#from utils import "
   ]
  },
  {
   "cell_type": "code",
   "execution_count": 4,
   "id": "1bed954e",
   "metadata": {},
   "outputs": [
    {
     "name": "stdout",
     "output_type": "stream",
     "text": [
      "[[190 220 490 ... 360 370 420]\n",
      " [110 220 500 ... 340 260 420]\n",
      " [100 300 500 ... 330 350 390]\n",
      " ...\n",
      " [450 360 500 ... 430 360 500]\n",
      " [420 350 530 ... 440 370 500]\n",
      " [420 360 540 ... 430 370 450]]\n",
      "FMData\n",
      "features: [[36 35 47 ... 31 26 29]\n",
      " [36 35 46 ... 33 27 29]\n",
      " [36 37 44 ... 31 26 30]\n",
      " ...\n",
      " [10 36 38 ... 14 35 32]\n",
      " [ 9 32 42 ... 10 29 36]\n",
      " [ 9 37 46 ... 13 27 33]]\n",
      "labels: [[0.8181818  0.01818182 0.01818182 ... 0.01818182 0.01818182 0.01818182]\n",
      " [0.8181818  0.01818182 0.01818182 ... 0.01818182 0.01818182 0.01818182]\n",
      " [0.8181818  0.01818182 0.01818182 ... 0.01818182 0.01818182 0.01818182]\n",
      " ...\n",
      " [0.01818182 0.01818182 0.01818182 ... 0.01818182 0.01818182 0.8181818 ]\n",
      " [0.01818182 0.01818182 0.01818182 ... 0.01818182 0.01818182 0.8181818 ]\n",
      " [0.01818182 0.01818182 0.01818182 ... 0.01818182 0.01818182 0.8181818 ]]\n"
     ]
    }
   ],
   "source": [
    "from dataset_process import FMData\n",
    "\n",
    "#train_dataset = FMData(config.train_libfm,config.train_label,nfm_config['n_class'])\n",
    "train_dataset = FMData(nfm_config['train_data'],nfm_config['train_label'],nfm_config['n_class'])\n",
    "train_loader = data.DataLoader(train_dataset, drop_last=True,batch_size=24,shuffle=True, num_workers=4)\n",
    "\n",
    "#validate_dataset = FMData(config.valid_libfm,config.valid_label)\n",
    "#validate_loader = data.DataLoader(train_dataset, drop_last=True,batch_size=100,shuffle=True, num_workers=4)\n",
    "\n",
    "#test_dataset = FMData(config.test_libfm,config.test_label)\n",
    "#test_loader = data.DataLoader(test_dataset, drop_last=True,batch_size=100,shuffle=True, num_workers=4)"
   ]
  },
  {
   "cell_type": "code",
   "execution_count": 6,
   "id": "18a4e1cd",
   "metadata": {},
   "outputs": [
    {
     "name": "stdout",
     "output_type": "stream",
     "text": [
      "nfm: NFM(\n",
      "  (BN_num): BatchNorm1d(4077, eps=1e-05, momentum=0.1, affine=True, track_running_stats=True)\n",
      "  (drop): Dropout(p=0.5, inplace=False)\n",
      "  (linear_model): Linear(in_features=4077, out_features=100, bias=True)\n",
      "  (BN_linear): BatchNorm1d(100, eps=1e-05, momentum=0.1, affine=True, track_running_stats=True)\n",
      "  (embedding_layers): Embedding(1001, 100)\n",
      "  (bi_pooling): BiInteractionPooling()\n",
      "  (dropout): Dropout(p=0.3, inplace=False)\n",
      "  (BN_bi): BatchNorm1d(100, eps=1e-05, momentum=0.1, affine=True, track_running_stats=True)\n",
      "  (dnn_layers): ModuleList(\n",
      "    (0): Linear(in_features=200, out_features=100, bias=True)\n",
      "    (1): Linear(in_features=100, out_features=11, bias=True)\n",
      "  )\n",
      "  (dnn_softmax): Softmax(dim=1)\n",
      ")\n"
     ]
    },
    {
     "name": "stderr",
     "output_type": "stream",
     "text": [
      "/home/zhengfang/.local/lib/python3.6/site-packages/ipykernel_launcher.py:53: UserWarning: To copy construct from a tensor, it is recommended to use sourceTensor.clone().detach() or sourceTensor.clone().detach().requires_grad_(True), rather than torch.tensor(sourceTensor).\n",
      "/home/zhengfang/.local/lib/python3.6/site-packages/ipykernel_launcher.py:54: UserWarning: To copy construct from a tensor, it is recommended to use sourceTensor.clone().detach() or sourceTensor.clone().detach().requires_grad_(True), rather than torch.tensor(sourceTensor).\n"
     ]
    },
    {
     "name": "stdout",
     "output_type": "stream",
     "text": [
      "y_predict: tensor([[0.0863, 0.0887, 0.0916, 0.0863, 0.1171, 0.0912, 0.0863, 0.0863, 0.0906,\n",
      "         0.0894, 0.0863],\n",
      "        [0.0770, 0.1378, 0.0771, 0.1301, 0.0942, 0.0780, 0.0828, 0.0770, 0.0770,\n",
      "         0.0921, 0.0770],\n",
      "        [0.0760, 0.0922, 0.1088, 0.1608, 0.0805, 0.0790, 0.0760, 0.0760, 0.0760,\n",
      "         0.0988, 0.0760],\n",
      "        [0.0759, 0.0761, 0.0954, 0.0846, 0.1425, 0.1086, 0.0759, 0.1028, 0.0792,\n",
      "         0.0831, 0.0759],\n",
      "        [0.0779, 0.0921, 0.1112, 0.1270, 0.0779, 0.0779, 0.0793, 0.0779, 0.0779,\n",
      "         0.1211, 0.0800],\n",
      "        [0.0827, 0.1038, 0.0813, 0.1075, 0.1217, 0.0980, 0.0769, 0.0820, 0.0769,\n",
      "         0.0923, 0.0769],\n",
      "        [0.0894, 0.1093, 0.0833, 0.0786, 0.1047, 0.0786, 0.1341, 0.0796, 0.0805,\n",
      "         0.0819, 0.0799],\n",
      "        [0.0791, 0.1103, 0.0964, 0.0791, 0.1157, 0.0791, 0.0791, 0.0791, 0.0991,\n",
      "         0.1038, 0.0791],\n",
      "        [0.0823, 0.1004, 0.0909, 0.0885, 0.0823, 0.0823, 0.0973, 0.0842, 0.1076,\n",
      "         0.1016, 0.0823],\n",
      "        [0.0811, 0.1096, 0.0892, 0.0811, 0.1191, 0.0811, 0.0811, 0.0916, 0.1038,\n",
      "         0.0811, 0.0811],\n",
      "        [0.0915, 0.1386, 0.0786, 0.0944, 0.0986, 0.0786, 0.0786, 0.0844, 0.0869,\n",
      "         0.0913, 0.0786],\n",
      "        [0.0805, 0.0953, 0.1203, 0.0805, 0.1318, 0.0805, 0.0805, 0.0889, 0.0805,\n",
      "         0.0805, 0.0805],\n",
      "        [0.0757, 0.1209, 0.0799, 0.0985, 0.1175, 0.0817, 0.0757, 0.0757, 0.0757,\n",
      "         0.1229, 0.0757],\n",
      "        [0.0746, 0.0973, 0.0746, 0.1166, 0.1019, 0.0746, 0.1121, 0.0746, 0.0835,\n",
      "         0.1156, 0.0746],\n",
      "        [0.0710, 0.0886, 0.0854, 0.1112, 0.1448, 0.0710, 0.0710, 0.0728, 0.0827,\n",
      "         0.0953, 0.1062],\n",
      "        [0.0708, 0.1113, 0.0899, 0.1445, 0.1275, 0.0708, 0.0727, 0.0708, 0.0708,\n",
      "         0.1000, 0.0708],\n",
      "        [0.0743, 0.1081, 0.0743, 0.1288, 0.0966, 0.0825, 0.0826, 0.0805, 0.0869,\n",
      "         0.1112, 0.0743],\n",
      "        [0.0706, 0.1173, 0.0828, 0.0894, 0.1444, 0.0955, 0.0706, 0.0706, 0.0765,\n",
      "         0.0917, 0.0904],\n",
      "        [0.0787, 0.1141, 0.1126, 0.0938, 0.0916, 0.0787, 0.0789, 0.0787, 0.0787,\n",
      "         0.1115, 0.0825],\n",
      "        [0.0833, 0.1109, 0.0833, 0.0968, 0.0845, 0.0833, 0.0962, 0.0971, 0.0833,\n",
      "         0.0982, 0.0833],\n",
      "        [0.0824, 0.1008, 0.1021, 0.0824, 0.0847, 0.0964, 0.1034, 0.0824, 0.0824,\n",
      "         0.1008, 0.0824],\n",
      "        [0.0764, 0.0912, 0.0765, 0.1310, 0.1223, 0.0775, 0.0940, 0.0764, 0.0764,\n",
      "         0.1017, 0.0764],\n",
      "        [0.0787, 0.1225, 0.0785, 0.0785, 0.0950, 0.0785, 0.1008, 0.0820, 0.1135,\n",
      "         0.0929, 0.0789],\n",
      "        [0.0808, 0.0939, 0.0808, 0.0878, 0.1555, 0.0841, 0.0808, 0.0808, 0.0874,\n",
      "         0.0874, 0.0808]], device='cuda:0', grad_fn=<SoftmaxBackward0>)\n",
      "new_correct: 4.0\n",
      "batch_idx: 0\n",
      "0.16666666666666666\n",
      "y_predict: tensor([[0.0785, 0.1129, 0.0785, 0.0785, 0.1198, 0.0843, 0.0840, 0.0785, 0.0785,\n",
      "         0.1136, 0.0931],\n",
      "        [0.0788, 0.0788, 0.0788, 0.0963, 0.1660, 0.0796, 0.0788, 0.0788, 0.1066,\n",
      "         0.0788, 0.0788],\n",
      "        [0.0821, 0.0894, 0.0795, 0.0864, 0.1461, 0.0807, 0.0795, 0.0809, 0.1164,\n",
      "         0.0795, 0.0795],\n",
      "        [0.0748, 0.1509, 0.0881, 0.0978, 0.1032, 0.0759, 0.0752, 0.0756, 0.0748,\n",
      "         0.1088, 0.0748],\n",
      "        [0.0717, 0.1286, 0.0717, 0.0927, 0.1258, 0.0808, 0.0893, 0.0934, 0.0995,\n",
      "         0.0746, 0.0717],\n",
      "        [0.0782, 0.1140, 0.0978, 0.0911, 0.0840, 0.0974, 0.0990, 0.0782, 0.0782,\n",
      "         0.0914, 0.0905],\n",
      "        [0.0831, 0.1037, 0.0831, 0.0831, 0.0997, 0.0831, 0.1232, 0.0831, 0.0895,\n",
      "         0.0853, 0.0831],\n",
      "        [0.0839, 0.0851, 0.0839, 0.0839, 0.1261, 0.0981, 0.0843, 0.0904, 0.0839,\n",
      "         0.0964, 0.0839],\n",
      "        [0.0803, 0.1296, 0.0957, 0.0803, 0.1064, 0.0815, 0.0803, 0.0803, 0.0803,\n",
      "         0.1051, 0.0803],\n",
      "        [0.0743, 0.1282, 0.0926, 0.1049, 0.1060, 0.0915, 0.0743, 0.0756, 0.0743,\n",
      "         0.1042, 0.0743],\n",
      "        [0.0782, 0.1289, 0.0877, 0.0782, 0.1253, 0.0782, 0.0782, 0.0941, 0.0782,\n",
      "         0.0840, 0.0889],\n",
      "        [0.0805, 0.1238, 0.1038, 0.0850, 0.1085, 0.0830, 0.0806, 0.0795, 0.0795,\n",
      "         0.0962, 0.0795],\n",
      "        [0.0792, 0.1095, 0.0863, 0.0963, 0.1060, 0.0792, 0.0794, 0.0792, 0.0792,\n",
      "         0.1265, 0.0792],\n",
      "        [0.0764, 0.0809, 0.0913, 0.1151, 0.1355, 0.0826, 0.0764, 0.0764, 0.1124,\n",
      "         0.0767, 0.0764],\n",
      "        [0.0745, 0.0968, 0.0745, 0.1220, 0.1464, 0.0745, 0.0745, 0.0745, 0.1129,\n",
      "         0.0749, 0.0745],\n",
      "        [0.0801, 0.0835, 0.1222, 0.0801, 0.0919, 0.0801, 0.1259, 0.0801, 0.0801,\n",
      "         0.0899, 0.0862],\n",
      "        [0.0773, 0.1162, 0.0873, 0.1008, 0.1293, 0.0773, 0.0920, 0.0794, 0.0859,\n",
      "         0.0773, 0.0773],\n",
      "        [0.0749, 0.0966, 0.1061, 0.1554, 0.1017, 0.0851, 0.0749, 0.0749, 0.0749,\n",
      "         0.0807, 0.0749],\n",
      "        [0.0855, 0.1209, 0.0707, 0.1031, 0.1025, 0.0847, 0.0707, 0.0745, 0.1337,\n",
      "         0.0831, 0.0707],\n",
      "        [0.0769, 0.1014, 0.0868, 0.1157, 0.1200, 0.0769, 0.0824, 0.0922, 0.0938,\n",
      "         0.0769, 0.0769],\n",
      "        [0.0783, 0.1099, 0.1016, 0.0783, 0.0954, 0.0941, 0.0909, 0.0783, 0.0783,\n",
      "         0.1167, 0.0783],\n",
      "        [0.0809, 0.1208, 0.0936, 0.0924, 0.0879, 0.0882, 0.0809, 0.0818, 0.0809,\n",
      "         0.1119, 0.0809],\n",
      "        [0.0799, 0.0964, 0.0802, 0.1191, 0.0915, 0.0885, 0.0815, 0.0799, 0.0799,\n",
      "         0.1231, 0.0799],\n",
      "        [0.0780, 0.0944, 0.0866, 0.0898, 0.1563, 0.0780, 0.0780, 0.0780, 0.1023,\n",
      "         0.0807, 0.0780]], device='cuda:0', grad_fn=<SoftmaxBackward0>)\n",
      "new_correct: 11.0\n",
      "batch_idx: 1\n",
      "0.22916666666666666\n",
      "y_predict: tensor([[0.0772, 0.1104, 0.0766, 0.0766, 0.1476, 0.0766, 0.0766, 0.0889, 0.1080,\n",
      "         0.0849, 0.0766],\n",
      "        [0.0790, 0.1148, 0.0790, 0.1007, 0.0884, 0.0790, 0.0972, 0.0790, 0.0790,\n",
      "         0.1248, 0.0790],\n",
      "        [0.0773, 0.1053, 0.0773, 0.0773, 0.1783, 0.0773, 0.0773, 0.0773, 0.0972,\n",
      "         0.0784, 0.0773],\n",
      "        [0.0774, 0.1259, 0.0774, 0.1118, 0.0934, 0.0876, 0.0881, 0.0774, 0.0774,\n",
      "         0.1020, 0.0817],\n",
      "        [0.0781, 0.0935, 0.0781, 0.0781, 0.1629, 0.0904, 0.0781, 0.0830, 0.0935,\n",
      "         0.0863, 0.0781],\n",
      "        [0.0765, 0.0829, 0.0765, 0.0982, 0.1359, 0.0765, 0.0765, 0.0765, 0.1474,\n",
      "         0.0765, 0.0765],\n",
      "        [0.0793, 0.0803, 0.0793, 0.0826, 0.1422, 0.0809, 0.0794, 0.0793, 0.1229,\n",
      "         0.0944, 0.0793],\n",
      "        [0.0806, 0.1315, 0.0806, 0.0851, 0.0806, 0.0889, 0.0940, 0.0806, 0.0806,\n",
      "         0.0945, 0.1029],\n",
      "        [0.0769, 0.1104, 0.0956, 0.1020, 0.1179, 0.0793, 0.0769, 0.0769, 0.0791,\n",
      "         0.1082, 0.0769],\n",
      "        [0.0739, 0.1122, 0.1020, 0.1015, 0.0847, 0.0836, 0.0936, 0.0739, 0.0739,\n",
      "         0.1267, 0.0739],\n",
      "        [0.0751, 0.1246, 0.0785, 0.1154, 0.0764, 0.0811, 0.0990, 0.0751, 0.0751,\n",
      "         0.1246, 0.0751],\n",
      "        [0.0784, 0.0985, 0.0784, 0.0784, 0.1612, 0.0784, 0.0784, 0.0784, 0.1120,\n",
      "         0.0796, 0.0784],\n",
      "        [0.0724, 0.0784, 0.0724, 0.1105, 0.1426, 0.0724, 0.0724, 0.1039, 0.1304,\n",
      "         0.0724, 0.0724],\n",
      "        [0.0751, 0.1187, 0.0927, 0.0880, 0.1287, 0.0751, 0.0823, 0.0751, 0.1140,\n",
      "         0.0751, 0.0751],\n",
      "        [0.0780, 0.1180, 0.0903, 0.0845, 0.0781, 0.0917, 0.0780, 0.0780, 0.0780,\n",
      "         0.1473, 0.0780],\n",
      "        [0.0705, 0.1112, 0.0907, 0.1307, 0.1311, 0.0705, 0.0705, 0.0705, 0.1133,\n",
      "         0.0705, 0.0705],\n",
      "        [0.0752, 0.0927, 0.0752, 0.0940, 0.1508, 0.0752, 0.0752, 0.0800, 0.1316,\n",
      "         0.0752, 0.0752],\n",
      "        [0.0835, 0.0914, 0.0871, 0.0835, 0.1243, 0.0835, 0.1120, 0.0835, 0.0835,\n",
      "         0.0835, 0.0841],\n",
      "        [0.0780, 0.0817, 0.0833, 0.0840, 0.1635, 0.0780, 0.0780, 0.0780, 0.1065,\n",
      "         0.0912, 0.0780],\n",
      "        [0.0741, 0.1302, 0.0857, 0.1022, 0.0978, 0.0741, 0.0811, 0.0741, 0.0741,\n",
      "         0.1324, 0.0741],\n",
      "        [0.0804, 0.1537, 0.1023, 0.0744, 0.0895, 0.0744, 0.0941, 0.0760, 0.0744,\n",
      "         0.0963, 0.0844],\n",
      "        [0.0738, 0.1250, 0.0959, 0.0905, 0.1034, 0.0777, 0.0738, 0.0738, 0.0738,\n",
      "         0.1386, 0.0738],\n",
      "        [0.0777, 0.1069, 0.0773, 0.0773, 0.1546, 0.0773, 0.0773, 0.0875, 0.1094,\n",
      "         0.0773, 0.0773],\n",
      "        [0.0761, 0.1056, 0.0761, 0.0969, 0.1497, 0.0853, 0.0761, 0.0839, 0.0980,\n",
      "         0.0761, 0.0761]], device='cuda:0', grad_fn=<SoftmaxBackward0>)\n",
      "new_correct: 15.0\n",
      "batch_idx: 2\n",
      "0.20833333333333334\n",
      "y_predict: tensor([[0.0854, 0.0854, 0.0896, 0.0854, 0.1006, 0.0944, 0.1070, 0.0854, 0.0854,\n",
      "         0.0854, 0.0958],\n",
      "        [0.0751, 0.0765, 0.0726, 0.0949, 0.1517, 0.0726, 0.0726, 0.0858, 0.1531,\n",
      "         0.0726, 0.0726],\n",
      "        [0.0661, 0.0785, 0.0661, 0.0661, 0.2069, 0.0661, 0.0661, 0.1076, 0.1440,\n",
      "         0.0661, 0.0661],\n",
      "        [0.0861, 0.0899, 0.0886, 0.0861, 0.1016, 0.0868, 0.0961, 0.0861, 0.0861,\n",
      "         0.1062, 0.0861],\n",
      "        [0.0646, 0.1166, 0.0646, 0.0760, 0.2171, 0.0646, 0.0646, 0.0646, 0.1382,\n",
      "         0.0646, 0.0646],\n",
      "        [0.0751, 0.1092, 0.0965, 0.1175, 0.0751, 0.0868, 0.1109, 0.0751, 0.0751,\n",
      "         0.1036, 0.0751],\n",
      "        [0.0779, 0.1460, 0.0935, 0.0889, 0.0878, 0.0890, 0.0779, 0.0779, 0.0779,\n",
      "         0.1054, 0.0779],\n",
      "        [0.0853, 0.1101, 0.0918, 0.0853, 0.0884, 0.0853, 0.0926, 0.0853, 0.0853,\n",
      "         0.1055, 0.0853],\n",
      "        [0.0797, 0.1168, 0.0981, 0.0887, 0.1083, 0.0920, 0.0797, 0.0797, 0.0797,\n",
      "         0.0979, 0.0797],\n",
      "        [0.0671, 0.1056, 0.0687, 0.0941, 0.2253, 0.0671, 0.0671, 0.0671, 0.1038,\n",
      "         0.0671, 0.0671],\n",
      "        [0.0740, 0.0934, 0.0844, 0.1036, 0.0809, 0.1543, 0.0740, 0.0740, 0.0809,\n",
      "         0.1062, 0.0740],\n",
      "        [0.0793, 0.1474, 0.0864, 0.0793, 0.0867, 0.0964, 0.0793, 0.0793, 0.0793,\n",
      "         0.1073, 0.0793],\n",
      "        [0.0669, 0.0669, 0.0669, 0.1390, 0.1811, 0.0669, 0.0669, 0.0702, 0.1414,\n",
      "         0.0669, 0.0669],\n",
      "        [0.0718, 0.0718, 0.0718, 0.1095, 0.1633, 0.0718, 0.0718, 0.0718, 0.1402,\n",
      "         0.0845, 0.0718],\n",
      "        [0.0826, 0.0854, 0.0826, 0.0855, 0.1006, 0.0826, 0.1101, 0.0826, 0.0925,\n",
      "         0.1115, 0.0841],\n",
      "        [0.0756, 0.0983, 0.0904, 0.1037, 0.0864, 0.1322, 0.0756, 0.0756, 0.0756,\n",
      "         0.1109, 0.0756],\n",
      "        [0.0737, 0.1422, 0.0811, 0.0850, 0.1171, 0.0737, 0.0949, 0.0737, 0.0737,\n",
      "         0.1110, 0.0737],\n",
      "        [0.0643, 0.0806, 0.0643, 0.0778, 0.2260, 0.0643, 0.0643, 0.0643, 0.1655,\n",
      "         0.0643, 0.0643],\n",
      "        [0.0817, 0.1223, 0.0819, 0.0817, 0.1097, 0.0817, 0.0958, 0.0817, 0.0857,\n",
      "         0.0961, 0.0817],\n",
      "        [0.0805, 0.0947, 0.1007, 0.0842, 0.1178, 0.0815, 0.0891, 0.1066, 0.0805,\n",
      "         0.0805, 0.0840],\n",
      "        [0.0809, 0.1299, 0.0620, 0.0620, 0.2054, 0.0724, 0.0620, 0.0620, 0.1396,\n",
      "         0.0620, 0.0620],\n",
      "        [0.0801, 0.1013, 0.0801, 0.0801, 0.0801, 0.0801, 0.1416, 0.0801, 0.0801,\n",
      "         0.1166, 0.0801],\n",
      "        [0.0814, 0.1050, 0.0814, 0.1052, 0.0814, 0.0814, 0.1148, 0.0814, 0.0814,\n",
      "         0.1051, 0.0814],\n",
      "        [0.0751, 0.1494, 0.0753, 0.1055, 0.1016, 0.1031, 0.0751, 0.0751, 0.0751,\n",
      "         0.0895, 0.0751]], device='cuda:0', grad_fn=<SoftmaxBackward0>)\n"
     ]
    },
    {
     "name": "stdout",
     "output_type": "stream",
     "text": [
      "new_correct: 19.0\n",
      "batch_idx: 3\n",
      "0.19791666666666666\n",
      "y_predict: tensor([[0.0825, 0.0950, 0.0825, 0.0825, 0.1082, 0.0825, 0.0996, 0.0825, 0.0825,\n",
      "         0.1197, 0.0825],\n",
      "        [0.0720, 0.1095, 0.1024, 0.1064, 0.0820, 0.0996, 0.0808, 0.0720, 0.0720,\n",
      "         0.1313, 0.0720],\n",
      "        [0.0692, 0.0827, 0.0692, 0.0994, 0.1680, 0.0692, 0.0692, 0.0875, 0.1473,\n",
      "         0.0692, 0.0692],\n",
      "        [0.0761, 0.0941, 0.0761, 0.0966, 0.1471, 0.0761, 0.0761, 0.0849, 0.1209,\n",
      "         0.0761, 0.0761],\n",
      "        [0.0746, 0.1429, 0.0746, 0.0877, 0.0770, 0.0746, 0.1186, 0.0843, 0.0746,\n",
      "         0.1163, 0.0747],\n",
      "        [0.0781, 0.1367, 0.1016, 0.0818, 0.0828, 0.0859, 0.0822, 0.0781, 0.0781,\n",
      "         0.1165, 0.0781],\n",
      "        [0.0756, 0.0861, 0.0894, 0.1064, 0.1283, 0.0756, 0.0756, 0.0756, 0.1337,\n",
      "         0.0756, 0.0781],\n",
      "        [0.0718, 0.0898, 0.0718, 0.1348, 0.1203, 0.0728, 0.0718, 0.0718, 0.1514,\n",
      "         0.0718, 0.0718],\n",
      "        [0.0714, 0.0736, 0.0714, 0.0789, 0.1486, 0.0714, 0.0714, 0.0824, 0.1884,\n",
      "         0.0714, 0.0714],\n",
      "        [0.0711, 0.1242, 0.0888, 0.0756, 0.1039, 0.1095, 0.0906, 0.0711, 0.0711,\n",
      "         0.1230, 0.0711],\n",
      "        [0.0777, 0.0854, 0.0777, 0.0957, 0.1467, 0.0777, 0.0777, 0.0777, 0.1283,\n",
      "         0.0777, 0.0777],\n",
      "        [0.0788, 0.0812, 0.0788, 0.0788, 0.1411, 0.0788, 0.0864, 0.0788, 0.1400,\n",
      "         0.0788, 0.0788],\n",
      "        [0.0767, 0.1266, 0.0788, 0.0928, 0.0789, 0.1403, 0.0767, 0.0767, 0.0767,\n",
      "         0.0992, 0.0767],\n",
      "        [0.0733, 0.0910, 0.0733, 0.1096, 0.1269, 0.0733, 0.0733, 0.0733, 0.1595,\n",
      "         0.0733, 0.0733],\n",
      "        [0.0778, 0.0893, 0.0778, 0.0903, 0.1542, 0.0778, 0.0778, 0.0778, 0.1215,\n",
      "         0.0778, 0.0778],\n",
      "        [0.0721, 0.1441, 0.1168, 0.0818, 0.0839, 0.0983, 0.0721, 0.0721, 0.0721,\n",
      "         0.1111, 0.0757],\n",
      "        [0.0858, 0.1103, 0.0863, 0.0858, 0.0890, 0.0858, 0.0957, 0.0896, 0.0858,\n",
      "         0.1002, 0.0858],\n",
      "        [0.0771, 0.0936, 0.0771, 0.0833, 0.1422, 0.0771, 0.0783, 0.0771, 0.1397,\n",
      "         0.0771, 0.0771],\n",
      "        [0.0738, 0.1760, 0.0938, 0.0895, 0.0890, 0.0741, 0.0738, 0.0738, 0.0738,\n",
      "         0.1088, 0.0738],\n",
      "        [0.0775, 0.0819, 0.0775, 0.0845, 0.1540, 0.0775, 0.0775, 0.0775, 0.1371,\n",
      "         0.0775, 0.0775],\n",
      "        [0.0708, 0.0863, 0.0708, 0.0934, 0.1803, 0.0709, 0.0708, 0.0708, 0.1346,\n",
      "         0.0803, 0.0708],\n",
      "        [0.0718, 0.0718, 0.0718, 0.0838, 0.1825, 0.0718, 0.0718, 0.0718, 0.1597,\n",
      "         0.0718, 0.0718],\n",
      "        [0.0830, 0.0979, 0.0830, 0.0830, 0.1016, 0.0859, 0.1007, 0.0830, 0.0830,\n",
      "         0.1130, 0.0860],\n",
      "        [0.0711, 0.1527, 0.1001, 0.0711, 0.1176, 0.0915, 0.0711, 0.0711, 0.0711,\n",
      "         0.1118, 0.0711]], device='cuda:0', grad_fn=<SoftmaxBackward0>)\n",
      "new_correct: 26.0\n",
      "batch_idx: 4\n",
      "0.21666666666666667\n",
      "y_predict: tensor([[0.0677, 0.0768, 0.0677, 0.0989, 0.1362, 0.0677, 0.0677, 0.0725, 0.2095,\n",
      "         0.0677, 0.0677],\n",
      "        [0.0791, 0.1087, 0.0791, 0.0791, 0.0851, 0.0898, 0.1142, 0.0791, 0.0791,\n",
      "         0.1205, 0.0860],\n",
      "        [0.0732, 0.0742, 0.0732, 0.1063, 0.1411, 0.0732, 0.0732, 0.0732, 0.1660,\n",
      "         0.0732, 0.0732],\n",
      "        [0.0774, 0.1498, 0.1044, 0.0888, 0.0799, 0.0827, 0.0787, 0.0774, 0.0774,\n",
      "         0.1060, 0.0774],\n",
      "        [0.0715, 0.1256, 0.0754, 0.0725, 0.0765, 0.1677, 0.0715, 0.0715, 0.0715,\n",
      "         0.1249, 0.0715],\n",
      "        [0.0742, 0.1589, 0.0981, 0.0742, 0.0839, 0.0973, 0.0816, 0.0742, 0.0742,\n",
      "         0.1092, 0.0742],\n",
      "        [0.0807, 0.1318, 0.0856, 0.0807, 0.0840, 0.0807, 0.1032, 0.0807, 0.0807,\n",
      "         0.1113, 0.0807],\n",
      "        [0.0727, 0.1664, 0.0883, 0.0727, 0.0746, 0.0967, 0.0727, 0.0727, 0.0727,\n",
      "         0.1380, 0.0727],\n",
      "        [0.0792, 0.0830, 0.0792, 0.0813, 0.1179, 0.0792, 0.0792, 0.0792, 0.1625,\n",
      "         0.0792, 0.0803],\n",
      "        [0.0683, 0.1407, 0.1146, 0.0991, 0.0853, 0.0810, 0.0683, 0.0683, 0.0683,\n",
      "         0.1378, 0.0683],\n",
      "        [0.0670, 0.0820, 0.0670, 0.0952, 0.1734, 0.0670, 0.0670, 0.0718, 0.1760,\n",
      "         0.0670, 0.0670],\n",
      "        [0.0686, 0.1274, 0.0686, 0.0870, 0.0686, 0.1657, 0.0686, 0.0686, 0.0686,\n",
      "         0.1397, 0.0686],\n",
      "        [0.0719, 0.0719, 0.0719, 0.0896, 0.1548, 0.0719, 0.0719, 0.0719, 0.1801,\n",
      "         0.0719, 0.0719],\n",
      "        [0.0636, 0.0698, 0.0636, 0.1096, 0.1277, 0.0636, 0.0636, 0.0713, 0.2400,\n",
      "         0.0636, 0.0636],\n",
      "        [0.0668, 0.0710, 0.0668, 0.0832, 0.1950, 0.0668, 0.0668, 0.0668, 0.1831,\n",
      "         0.0668, 0.0668],\n",
      "        [0.0772, 0.1116, 0.0772, 0.0776, 0.1168, 0.1024, 0.0819, 0.0772, 0.0772,\n",
      "         0.1230, 0.0781],\n",
      "        [0.0712, 0.0935, 0.0712, 0.0882, 0.1477, 0.0712, 0.0775, 0.0775, 0.1594,\n",
      "         0.0712, 0.0712],\n",
      "        [0.0642, 0.0774, 0.0642, 0.1101, 0.1770, 0.0642, 0.0642, 0.0642, 0.1863,\n",
      "         0.0642, 0.0642],\n",
      "        [0.0760, 0.1122, 0.1033, 0.0858, 0.1210, 0.0976, 0.0803, 0.0760, 0.0760,\n",
      "         0.0958, 0.0760],\n",
      "        [0.0730, 0.0730, 0.0730, 0.1044, 0.1508, 0.0730, 0.0730, 0.0730, 0.1612,\n",
      "         0.0730, 0.0730],\n",
      "        [0.0793, 0.0793, 0.0793, 0.0957, 0.1211, 0.0793, 0.0793, 0.0793, 0.1485,\n",
      "         0.0793, 0.0793],\n",
      "        [0.0783, 0.0875, 0.0741, 0.0774, 0.1489, 0.0741, 0.0741, 0.0741, 0.1635,\n",
      "         0.0741, 0.0741],\n",
      "        [0.0702, 0.0876, 0.0702, 0.0776, 0.1988, 0.0702, 0.0702, 0.0702, 0.1444,\n",
      "         0.0702, 0.0702],\n",
      "        [0.0789, 0.0920, 0.1004, 0.0789, 0.0789, 0.0842, 0.1337, 0.0789, 0.0789,\n",
      "         0.1162, 0.0789]], device='cuda:0', grad_fn=<SoftmaxBackward0>)\n",
      "new_correct: 28.0\n",
      "batch_idx: 5\n",
      "0.19444444444444445\n",
      "y_predict: tensor([[0.0740, 0.1391, 0.1065, 0.0740, 0.0740, 0.0939, 0.0740, 0.0740, 0.0740,\n",
      "         0.1426, 0.0740],\n",
      "        [0.0733, 0.1001, 0.1049, 0.0815, 0.1049, 0.1414, 0.0794, 0.0733, 0.0733,\n",
      "         0.0947, 0.0733],\n",
      "        [0.0757, 0.1146, 0.1025, 0.0757, 0.0871, 0.0990, 0.0874, 0.0757, 0.0757,\n",
      "         0.1310, 0.0757],\n",
      "        [0.0757, 0.0757, 0.0771, 0.0904, 0.1466, 0.0757, 0.0757, 0.0757, 0.1560,\n",
      "         0.0757, 0.0757],\n",
      "        [0.0693, 0.1522, 0.0766, 0.0885, 0.0817, 0.1213, 0.0693, 0.0693, 0.0693,\n",
      "         0.1331, 0.0693],\n",
      "        [0.0783, 0.1110, 0.0877, 0.0783, 0.0938, 0.1251, 0.0783, 0.0783, 0.0783,\n",
      "         0.1116, 0.0792],\n",
      "        [0.0741, 0.1425, 0.1111, 0.0741, 0.0860, 0.1004, 0.0799, 0.0741, 0.0741,\n",
      "         0.1094, 0.0741],\n",
      "        [0.0612, 0.0612, 0.0612, 0.0856, 0.2121, 0.0612, 0.0612, 0.0738, 0.2003,\n",
      "         0.0612, 0.0612],\n",
      "        [0.0763, 0.1130, 0.1091, 0.0763, 0.0763, 0.0901, 0.1023, 0.0763, 0.0763,\n",
      "         0.1276, 0.0763],\n",
      "        [0.0629, 0.0642, 0.0629, 0.1050, 0.1499, 0.0629, 0.0629, 0.0629, 0.2407,\n",
      "         0.0629, 0.0629],\n",
      "        [0.0713, 0.1364, 0.0814, 0.0847, 0.0968, 0.1220, 0.0713, 0.0713, 0.0713,\n",
      "         0.1219, 0.0713],\n",
      "        [0.0492, 0.0576, 0.0492, 0.0999, 0.1734, 0.0492, 0.0492, 0.0492, 0.3245,\n",
      "         0.0492, 0.0492],\n",
      "        [0.0541, 0.0684, 0.0541, 0.0792, 0.1431, 0.0541, 0.0541, 0.0742, 0.3106,\n",
      "         0.0541, 0.0541],\n",
      "        [0.0626, 0.0776, 0.0626, 0.1019, 0.1402, 0.0626, 0.0626, 0.0626, 0.2420,\n",
      "         0.0626, 0.0626],\n",
      "        [0.0787, 0.0939, 0.0713, 0.0922, 0.1214, 0.0713, 0.0713, 0.0713, 0.1859,\n",
      "         0.0713, 0.0713],\n",
      "        [0.0836, 0.0937, 0.0862, 0.0836, 0.1029, 0.1060, 0.0957, 0.0836, 0.0836,\n",
      "         0.0836, 0.0974],\n",
      "        [0.0622, 0.0629, 0.0622, 0.1003, 0.1373, 0.0622, 0.0622, 0.0656, 0.2610,\n",
      "         0.0622, 0.0622],\n",
      "        [0.0781, 0.0963, 0.0781, 0.0785, 0.0781, 0.0952, 0.1643, 0.0781, 0.0781,\n",
      "         0.0970, 0.0781],\n",
      "        [0.0645, 0.0645, 0.0645, 0.0839, 0.1727, 0.0645, 0.0645, 0.0645, 0.2273,\n",
      "         0.0645, 0.0645],\n",
      "        [0.0680, 0.0695, 0.0680, 0.1050, 0.1927, 0.0680, 0.0680, 0.0680, 0.1570,\n",
      "         0.0680, 0.0680],\n",
      "        [0.0746, 0.1234, 0.1006, 0.0746, 0.0935, 0.1195, 0.0746, 0.0746, 0.0746,\n",
      "         0.1152, 0.0746],\n",
      "        [0.0783, 0.1089, 0.0973, 0.0783, 0.0815, 0.1321, 0.0783, 0.0783, 0.0783,\n",
      "         0.1041, 0.0848],\n",
      "        [0.0682, 0.1013, 0.0682, 0.1160, 0.1237, 0.0682, 0.0682, 0.0682, 0.1816,\n",
      "         0.0682, 0.0682],\n",
      "        [0.0803, 0.1070, 0.0803, 0.1004, 0.0803, 0.0916, 0.1158, 0.0803, 0.0803,\n",
      "         0.1035, 0.0803]], device='cuda:0', grad_fn=<SoftmaxBackward0>)\n",
      "new_correct: 36.0\n",
      "batch_idx: 6\n",
      "0.21428571428571427\n",
      "y_predict: tensor([[0.0795, 0.0895, 0.0818, 0.1199, 0.1074, 0.0874, 0.1028, 0.0795, 0.0795,\n",
      "         0.0933, 0.0795],\n",
      "        [0.0776, 0.1378, 0.0994, 0.0776, 0.0961, 0.1084, 0.0776, 0.0776, 0.0776,\n",
      "         0.0928, 0.0776],\n",
      "        [0.0502, 0.0534, 0.0502, 0.0959, 0.2465, 0.0502, 0.0502, 0.0593, 0.2438,\n",
      "         0.0502, 0.0502],\n",
      "        [0.0798, 0.1192, 0.0798, 0.0848, 0.0798, 0.1266, 0.0798, 0.0798, 0.0798,\n",
      "         0.1107, 0.0798],\n",
      "        [0.0730, 0.1300, 0.0769, 0.0940, 0.0730, 0.1240, 0.0786, 0.0730, 0.0730,\n",
      "         0.1315, 0.0730],\n",
      "        [0.0398, 0.0398, 0.0398, 0.0795, 0.1538, 0.0398, 0.0398, 0.0555, 0.4322,\n",
      "         0.0398, 0.0398],\n",
      "        [0.0567, 0.0567, 0.0567, 0.0993, 0.1800, 0.0567, 0.0567, 0.0567, 0.2674,\n",
      "         0.0567, 0.0567],\n",
      "        [0.0826, 0.0826, 0.0826, 0.0826, 0.0826, 0.0826, 0.1256, 0.0826, 0.0826,\n",
      "         0.1162, 0.0972],\n",
      "        [0.0752, 0.1208, 0.0878, 0.0894, 0.0871, 0.1221, 0.0752, 0.0752, 0.0752,\n",
      "         0.1171, 0.0752],\n",
      "        [0.0504, 0.0504, 0.0504, 0.0929, 0.2250, 0.0504, 0.0504, 0.0504, 0.2791,\n",
      "         0.0504, 0.0504],\n",
      "        [0.0569, 0.0749, 0.0569, 0.0902, 0.2016, 0.0569, 0.0604, 0.0569, 0.2295,\n",
      "         0.0569, 0.0590],\n",
      "        [0.0580, 0.0613, 0.0580, 0.1019, 0.1845, 0.0580, 0.0580, 0.0580, 0.2462,\n",
      "         0.0580, 0.0580],\n",
      "        [0.0583, 0.0583, 0.0583, 0.0852, 0.1555, 0.0583, 0.0583, 0.0583, 0.2927,\n",
      "         0.0583, 0.0583],\n",
      "        [0.0728, 0.1196, 0.0945, 0.0728, 0.0728, 0.1518, 0.0728, 0.0728, 0.0728,\n",
      "         0.1245, 0.0728],\n",
      "        [0.0759, 0.1412, 0.0808, 0.0918, 0.1008, 0.0939, 0.0952, 0.0892, 0.0759,\n",
      "         0.0795, 0.0759],\n",
      "        [0.0809, 0.1007, 0.0959, 0.0809, 0.0974, 0.0970, 0.0896, 0.0809, 0.0809,\n",
      "         0.1148, 0.0809],\n",
      "        [0.0709, 0.1400, 0.1355, 0.0709, 0.0937, 0.0792, 0.0761, 0.0709, 0.0709,\n",
      "         0.1068, 0.0850],\n",
      "        [0.0532, 0.0659, 0.0532, 0.1021, 0.1445, 0.0532, 0.0532, 0.0532, 0.3151,\n",
      "         0.0532, 0.0532],\n",
      "        [0.0760, 0.0931, 0.0862, 0.0760, 0.0760, 0.0793, 0.1963, 0.0760, 0.0760,\n",
      "         0.0797, 0.0853],\n",
      "        [0.0779, 0.1476, 0.1067, 0.0779, 0.0868, 0.0844, 0.0804, 0.0779, 0.0779,\n",
      "         0.1046, 0.0779],\n",
      "        [0.0572, 0.0572, 0.0572, 0.1108, 0.1703, 0.0572, 0.0572, 0.0572, 0.2615,\n",
      "         0.0572, 0.0572],\n",
      "        [0.0790, 0.0973, 0.0981, 0.0790, 0.0790, 0.1443, 0.0790, 0.0790, 0.0790,\n",
      "         0.1074, 0.0790],\n",
      "        [0.0852, 0.0852, 0.0852, 0.1063, 0.0852, 0.1087, 0.0973, 0.0852, 0.0852,\n",
      "         0.0911, 0.0852],\n",
      "        [0.0735, 0.1440, 0.0871, 0.0735, 0.0781, 0.1158, 0.0735, 0.0735, 0.0735,\n",
      "         0.1340, 0.0735]], device='cuda:0', grad_fn=<SoftmaxBackward0>)\n"
     ]
    },
    {
     "name": "stdout",
     "output_type": "stream",
     "text": [
      "new_correct: 43.0\n",
      "batch_idx: 7\n",
      "0.22395833333333334\n",
      "y_predict: tensor([[0.0719, 0.1589, 0.0862, 0.0719, 0.0719, 0.1510, 0.0719, 0.0719, 0.0719,\n",
      "         0.1006, 0.0719],\n",
      "        [0.0752, 0.1413, 0.0825, 0.0752, 0.0795, 0.1181, 0.0753, 0.0752, 0.0752,\n",
      "         0.1272, 0.0752],\n",
      "        [0.0721, 0.1225, 0.0892, 0.0721, 0.0748, 0.1258, 0.0800, 0.0721, 0.0721,\n",
      "         0.1471, 0.0721],\n",
      "        [0.0735, 0.1529, 0.0942, 0.0735, 0.0735, 0.1376, 0.0735, 0.0735, 0.0735,\n",
      "         0.1010, 0.0735],\n",
      "        [0.0715, 0.0715, 0.0715, 0.1212, 0.1223, 0.0715, 0.0715, 0.0715, 0.1843,\n",
      "         0.0715, 0.0715],\n",
      "        [0.0513, 0.0513, 0.0513, 0.1076, 0.1382, 0.0513, 0.0513, 0.0513, 0.3440,\n",
      "         0.0513, 0.0513],\n",
      "        [0.0507, 0.0546, 0.0507, 0.1111, 0.1608, 0.0507, 0.0507, 0.0507, 0.3185,\n",
      "         0.0507, 0.0507],\n",
      "        [0.0756, 0.1389, 0.0961, 0.0756, 0.0762, 0.1117, 0.0756, 0.0756, 0.0756,\n",
      "         0.1200, 0.0789],\n",
      "        [0.0627, 0.0790, 0.0627, 0.0960, 0.1611, 0.0627, 0.0627, 0.0627, 0.2210,\n",
      "         0.0627, 0.0669],\n",
      "        [0.0746, 0.1099, 0.0746, 0.0746, 0.0819, 0.1309, 0.1111, 0.0746, 0.0746,\n",
      "         0.1186, 0.0746],\n",
      "        [0.0813, 0.0813, 0.0892, 0.0921, 0.0813, 0.1069, 0.1415, 0.0813, 0.0813,\n",
      "         0.0813, 0.0826],\n",
      "        [0.0668, 0.0846, 0.0668, 0.1098, 0.1359, 0.0668, 0.0668, 0.0668, 0.2024,\n",
      "         0.0668, 0.0668],\n",
      "        [0.0608, 0.0690, 0.0608, 0.1029, 0.1655, 0.0608, 0.0608, 0.0608, 0.2374,\n",
      "         0.0608, 0.0608],\n",
      "        [0.0642, 0.0642, 0.0642, 0.1247, 0.1235, 0.0642, 0.0642, 0.0642, 0.2356,\n",
      "         0.0642, 0.0665],\n",
      "        [0.0677, 0.0775, 0.0677, 0.0992, 0.1354, 0.0677, 0.0677, 0.0677, 0.2140,\n",
      "         0.0677, 0.0677],\n",
      "        [0.0602, 0.0764, 0.0602, 0.1023, 0.1409, 0.0602, 0.0602, 0.0602, 0.2592,\n",
      "         0.0602, 0.0602],\n",
      "        [0.0672, 0.1469, 0.0815, 0.0672, 0.1004, 0.1369, 0.0672, 0.0672, 0.0672,\n",
      "         0.1311, 0.0672],\n",
      "        [0.0659, 0.0760, 0.0659, 0.0914, 0.1888, 0.0659, 0.0659, 0.0659, 0.1822,\n",
      "         0.0659, 0.0659],\n",
      "        [0.0747, 0.1309, 0.0985, 0.0747, 0.0834, 0.1314, 0.0749, 0.0747, 0.0747,\n",
      "         0.1072, 0.0747],\n",
      "        [0.0733, 0.1288, 0.0823, 0.0733, 0.0733, 0.1297, 0.0894, 0.0733, 0.0733,\n",
      "         0.1298, 0.0733],\n",
      "        [0.0621, 0.0621, 0.0621, 0.0861, 0.1371, 0.0621, 0.0621, 0.0621, 0.2802,\n",
      "         0.0621, 0.0621],\n",
      "        [0.0691, 0.0691, 0.0691, 0.0924, 0.1291, 0.0691, 0.0691, 0.0691, 0.2255,\n",
      "         0.0691, 0.0691],\n",
      "        [0.0717, 0.1067, 0.1011, 0.0835, 0.0816, 0.1530, 0.0717, 0.0717, 0.0717,\n",
      "         0.1154, 0.0717],\n",
      "        [0.0538, 0.0696, 0.0538, 0.1381, 0.1270, 0.0538, 0.0538, 0.0539, 0.2886,\n",
      "         0.0538, 0.0538]], device='cuda:0', grad_fn=<SoftmaxBackward0>)\n",
      "new_correct: 50.0\n",
      "batch_idx: 8\n",
      "0.23148148148148148\n",
      "y_predict: tensor([[0.0753, 0.1101, 0.0753, 0.0758, 0.0753, 0.1747, 0.0753, 0.0753, 0.0753,\n",
      "         0.1121, 0.0753],\n",
      "        [0.0773, 0.1377, 0.0773, 0.0773, 0.0773, 0.1266, 0.0807, 0.0773, 0.0773,\n",
      "         0.1138, 0.0773],\n",
      "        [0.0230, 0.0243, 0.0230, 0.0938, 0.1276, 0.0230, 0.0230, 0.0230, 0.5917,\n",
      "         0.0230, 0.0246],\n",
      "        [0.0775, 0.0906, 0.0775, 0.0810, 0.0775, 0.1880, 0.0899, 0.0775, 0.0775,\n",
      "         0.0852, 0.0776],\n",
      "        [0.0799, 0.1289, 0.0764, 0.0912, 0.0762, 0.1125, 0.0923, 0.0752, 0.0752,\n",
      "         0.1171, 0.0752],\n",
      "        [0.0460, 0.0460, 0.0460, 0.0950, 0.1847, 0.0460, 0.0460, 0.0460, 0.3524,\n",
      "         0.0460, 0.0460],\n",
      "        [0.0736, 0.1084, 0.1123, 0.0896, 0.0736, 0.1329, 0.0750, 0.0736, 0.0736,\n",
      "         0.1136, 0.0736],\n",
      "        [0.0390, 0.0442, 0.0390, 0.1073, 0.1874, 0.0390, 0.0390, 0.0390, 0.3880,\n",
      "         0.0390, 0.0390],\n",
      "        [0.0448, 0.0448, 0.0448, 0.0596, 0.2126, 0.0448, 0.0448, 0.0448, 0.3667,\n",
      "         0.0448, 0.0473],\n",
      "        [0.0742, 0.1475, 0.1007, 0.0742, 0.0965, 0.1046, 0.0742, 0.0742, 0.0742,\n",
      "         0.1055, 0.0742],\n",
      "        [0.0405, 0.0440, 0.0405, 0.1024, 0.1275, 0.0405, 0.0405, 0.0405, 0.4427,\n",
      "         0.0405, 0.0405],\n",
      "        [0.0809, 0.1141, 0.1014, 0.0809, 0.0809, 0.1003, 0.0993, 0.0809, 0.0809,\n",
      "         0.0991, 0.0810],\n",
      "        [0.0253, 0.0331, 0.0253, 0.1201, 0.0910, 0.0253, 0.0253, 0.0253, 0.5786,\n",
      "         0.0253, 0.0253],\n",
      "        [0.0732, 0.1524, 0.0978, 0.0732, 0.0735, 0.1118, 0.0893, 0.0732, 0.0732,\n",
      "         0.1089, 0.0732],\n",
      "        [0.0753, 0.1308, 0.0941, 0.0753, 0.0753, 0.1437, 0.0769, 0.0753, 0.0753,\n",
      "         0.1025, 0.0753],\n",
      "        [0.0456, 0.0484, 0.0456, 0.0837, 0.1892, 0.0456, 0.0456, 0.0456, 0.3592,\n",
      "         0.0456, 0.0456],\n",
      "        [0.0726, 0.1451, 0.0989, 0.0726, 0.0768, 0.1052, 0.0726, 0.0726, 0.0726,\n",
      "         0.1384, 0.0726],\n",
      "        [0.0471, 0.0471, 0.0471, 0.1077, 0.1391, 0.0471, 0.0471, 0.0471, 0.3763,\n",
      "         0.0471, 0.0471],\n",
      "        [0.0548, 0.0548, 0.0548, 0.1075, 0.1870, 0.0548, 0.0548, 0.0548, 0.2669,\n",
      "         0.0548, 0.0548],\n",
      "        [0.0823, 0.0823, 0.1003, 0.0823, 0.0891, 0.1417, 0.0823, 0.0823, 0.0823,\n",
      "         0.0925, 0.0823],\n",
      "        [0.0701, 0.1301, 0.0792, 0.0701, 0.0701, 0.1523, 0.0981, 0.0701, 0.0701,\n",
      "         0.1199, 0.0701],\n",
      "        [0.0700, 0.1177, 0.0752, 0.0700, 0.0702, 0.1694, 0.0746, 0.0700, 0.0700,\n",
      "         0.1368, 0.0761],\n",
      "        [0.0778, 0.1168, 0.1025, 0.0778, 0.0778, 0.0994, 0.0778, 0.0778, 0.0778,\n",
      "         0.1368, 0.0778],\n",
      "        [0.0758, 0.1396, 0.0962, 0.0758, 0.0927, 0.1145, 0.0998, 0.0758, 0.0758,\n",
      "         0.0781, 0.0758]], device='cuda:0', grad_fn=<SoftmaxBackward0>)\n",
      "new_correct: 61.0\n",
      "batch_idx: 9\n",
      "0.25416666666666665\n",
      "y_predict: tensor([[0.0609, 0.1148, 0.0826, 0.0609, 0.0609, 0.2520, 0.0631, 0.0609, 0.0609,\n",
      "         0.1220, 0.0609],\n",
      "        [0.0517, 0.0570, 0.0517, 0.1054, 0.1340, 0.0517, 0.0517, 0.0517, 0.3414,\n",
      "         0.0517, 0.0517],\n",
      "        [0.0621, 0.0810, 0.0621, 0.0863, 0.1611, 0.0621, 0.0621, 0.0621, 0.2371,\n",
      "         0.0621, 0.0621],\n",
      "        [0.0616, 0.1656, 0.0830, 0.0616, 0.0628, 0.1994, 0.0616, 0.0616, 0.0616,\n",
      "         0.1198, 0.0616],\n",
      "        [0.0623, 0.2188, 0.0932, 0.0623, 0.0625, 0.1696, 0.0623, 0.0623, 0.0623,\n",
      "         0.0819, 0.0623],\n",
      "        [0.0668, 0.0706, 0.0668, 0.0979, 0.1561, 0.0668, 0.0668, 0.0668, 0.2075,\n",
      "         0.0668, 0.0668],\n",
      "        [0.0562, 0.0562, 0.0562, 0.1094, 0.1399, 0.0562, 0.0562, 0.0562, 0.2990,\n",
      "         0.0562, 0.0583],\n",
      "        [0.0650, 0.1044, 0.0803, 0.0650, 0.0650, 0.2373, 0.0650, 0.0650, 0.0650,\n",
      "         0.1232, 0.0650],\n",
      "        [0.0652, 0.0751, 0.0652, 0.1065, 0.1322, 0.0652, 0.0652, 0.0652, 0.2296,\n",
      "         0.0652, 0.0652],\n",
